1111111111111111111111111111
1200000000000110000000000031
1011110111110110111110111101
1011110111110110111110111101
1011110111110110111110111101
100000B00000000000000B000001
1011110110111111110110111101
1011110110111111110110111101
1000000110000110000110000001
1111110111110110111110111111
1111110111110110111110111111
1111110110000000000110111111
1111110110111111110110111111
11CC1101101xxxxxx10110111111
1CCCC1P0001xxxxxx100001LLLL1
11CC1101101xxxxxx10110111111
1111110110111111110110111111
1111110110000000000110111111
1111110110111111110110111111
1111110110111111110110111111
1000000000000110000000000001
1011110111110110111110111101
1011110111110110111110111101
100011000B00000000B000110001
1110110110111111110110110111
1110110110111111110110110111
1000000110000110000110000001
1011111111110110111111111101
1011111111110110111111111101
1500000000000000000000000041
1111111111111111111111111111